[[-0.026049398130599484, -0.7569458260754939, -0.6529566081835363, -0.00030429310054828906], [0.21211066419886818, -0.6424900345801223, 0.736351467415047, 0.0027482969993060102], [-0.9768988123732288, -0.11931747625002682, 0.17729342688430433, -0.0013926541752337096], [0.0, 0.0, 0.0, 1.0]]