[[0.034899633596076646, -0.8009134178839965, 0.5977622057017067, -0.0002974547858416998], [-0.0024843988268035463, -0.5981941330355103, -0.8013475215579673, 0.00010312652748456497], [0.9993878137225066, 0.026481719156326407, -0.022866500187868746, 0.0010651446455480773], [0.0, 0.0, 0.0, 1.0]]